N_columns,N_rows,cv_default_score,algorithm,leaf_size,metric,metric_params,n_jobs,n_neighbors,p,weights,mean_test_score
4.0,150.0,0.9733333333333334,0,1,0,0,0,1,2.0,0,0.96
4.0,150.0,0.9733333333333334,0,1,0,0,0,1,2.0,1,0.96
4.0,150.0,0.9733333333333334,0,1,0,0,0,2,2.0,0,0.9466666666666667
4.0,150.0,0.9733333333333334,0,1,0,0,0,2,2.0,1,0.96
4.0,150.0,0.9733333333333334,0,1,0,0,0,3,2.0,0,0.9666666666666667
4.0,150.0,0.9733333333333334,0,1,0,0,0,3,2.0,1,0.9666666666666667
4.0,150.0,0.9733333333333334,0,1,0,0,0,4,2.0,0,0.9733333333333334
4.0,150.0,0.9733333333333334,0,1,0,0,0,4,2.0,1,0.9666666666666667
4.0,150.0,0.9733333333333334,0,1,0,0,0,5,2.0,0,0.9733333333333334
4.0,150.0,0.9733333333333334,0,1,0,0,0,5,2.0,1,0.9666666666666667
4.0,150.0,0.9733333333333334,0,2,0,0,0,1,2.0,0,0.96
4.0,150.0,0.9733333333333334,0,2,0,0,0,1,2.0,1,0.96
4.0,150.0,0.9733333333333334,0,2,0,0,0,2,2.0,0,0.9466666666666667
4.0,150.0,0.9733333333333334,0,2,0,0,0,2,2.0,1,0.96
4.0,150.0,0.9733333333333334,0,2,0,0,0,3,2.0,0,0.9666666666666667
4.0,150.0,0.9733333333333334,0,2,0,0,0,3,2.0,1,0.9666666666666667
4.0,150.0,0.9733333333333334,0,2,0,0,0,4,2.0,0,0.9733333333333334
4.0,150.0,0.9733333333333334,0,2,0,0,0,4,2.0,1,0.9666666666666667
4.0,150.0,0.9733333333333334,0,2,0,0,0,5,2.0,0,0.9733333333333334
4.0,150.0,0.9733333333333334,0,2,0,0,0,5,2.0,1,0.9666666666666667
4.0,150.0,0.9733333333333334,0,3,0,0,0,1,2.0,0,0.96
4.0,150.0,0.9733333333333334,0,3,0,0,0,1,2.0,1,0.96
4.0,150.0,0.9733333333333334,0,3,0,0,0,2,2.0,0,0.9466666666666667
4.0,150.0,0.9733333333333334,0,3,0,0,0,2,2.0,1,0.96
4.0,150.0,0.9733333333333334,0,3,0,0,0,3,2.0,0,0.9666666666666667
4.0,150.0,0.9733333333333334,0,3,0,0,0,3,2.0,1,0.9666666666666667
4.0,150.0,0.9733333333333334,0,3,0,0,0,4,2.0,0,0.9733333333333334
4.0,150.0,0.9733333333333334,0,3,0,0,0,4,2.0,1,0.9666666666666667
4.0,150.0,0.9733333333333334,0,3,0,0,0,5,2.0,0,0.9733333333333334
4.0,150.0,0.9733333333333334,0,3,0,0,0,5,2.0,1,0.9666666666666667
4.0,150.0,0.9733333333333334,0,4,0,0,0,1,2.0,0,0.96
4.0,150.0,0.9733333333333334,0,4,0,0,0,1,2.0,1,0.96
4.0,150.0,0.9733333333333334,0,4,0,0,0,2,2.0,0,0.9466666666666667
4.0,150.0,0.9733333333333334,0,4,0,0,0,2,2.0,1,0.96
4.0,150.0,0.9733333333333334,0,4,0,0,0,3,2.0,0,0.9666666666666667
4.0,150.0,0.9733333333333334,0,4,0,0,0,3,2.0,1,0.9666666666666667
4.0,150.0,0.9733333333333334,0,4,0,0,0,4,2.0,0,0.9733333333333334
4.0,150.0,0.9733333333333334,0,4,0,0,0,4,2.0,1,0.9666666666666667
4.0,150.0,0.9733333333333334,0,4,0,0,0,5,2.0,0,0.9733333333333334
4.0,150.0,0.9733333333333334,0,4,0,0,0,5,2.0,1,0.9666666666666667
4.0,150.0,0.9733333333333334,0,5,0,0,0,1,2.0,0,0.96
4.0,150.0,0.9733333333333334,0,5,0,0,0,1,2.0,1,0.96
4.0,150.0,0.9733333333333334,0,5,0,0,0,2,2.0,0,0.9466666666666667
4.0,150.0,0.9733333333333334,0,5,0,0,0,2,2.0,1,0.96
4.0,150.0,0.9733333333333334,0,5,0,0,0,3,2.0,0,0.9666666666666667
4.0,150.0,0.9733333333333334,0,5,0,0,0,3,2.0,1,0.9666666666666667
4.0,150.0,0.9733333333333334,0,5,0,0,0,4,2.0,0,0.9733333333333334
4.0,150.0,0.9733333333333334,0,5,0,0,0,4,2.0,1,0.9666666666666667
4.0,150.0,0.9733333333333334,0,5,0,0,0,5,2.0,0,0.9733333333333334
4.0,150.0,0.9733333333333334,0,5,0,0,0,5,2.0,1,0.9666666666666667
